natives_american_inuit = {
	graphical_culture = inuitgfx
	color = { 0 255  255 }
	icon = 4
	
	unit = native_indian_archer
	
	provinces = {
		1934 1926 1929 1950 1947 1944 1945 1928 1927 1921
		1930 1946 1952 1954 1953 1951 1910 1907 1908 1909
		1905 1904 1894 1893 1892 1895 1903 1900 1898 1899
		1901 1906 1902 1897 
		2578 2581 2582 2583 2579 2576 2572 2574 2571 2570
		2569 2568 2566 2561 2560 2562 2563 1913 2559 2555
		2554 2552 1911 
	}
}

natives_american_na = {
	graphical_culture = northamericagfx
	color = { 0 255  0 }
	icon = 1
	
	unit = native_indian_archer
	
	provinces = {
		2537 2542 2550 2549 2548 2543 2536 2535 2530 2540
		2541 2546 2544 2533 2532 2501 2500 2538 2496 2495
		2492 2493 2491 2490 2489 2508 2511 2513 2521 2507
		2503 2502 2506 2523 2505 2504 2551 2529 2474 2473
		2471 2527 2526 2528 2525 2524 1877 1648 1649 1644
		1645 1647 1658 1765 1766 1767 2478 2482 2480 1769
		1771 1888 1889 2472 2517 2514 2519 2475 2484 2476
		2518 1772 2481 2510 2485 2483 2479 1887 2477 1770
		1661 1656 1663 1768 1602 1598 1586 1489 1588 1486
		1498 1501 1591 1590 1592 1500 1599 1616 1617 1601
		1621 1603 1604 1618 1620 1886 1589 1595 1597 1605
		1631 1627 1629 1628 1626 1624 1611 1613 1608 1610
		1606 1593 1637 1650 1638 1652 1866 1874 1876 1867
		1868 1873 1884 1871 1882 1864 1865 1858 1857 1855
		1848 1850 1852 1863 1859 1847 1851 1786 1774 1778
		1643 1659 1776 1779 1777 1780 1784 1788 1737 1891
		1664 1642 1641 1632 1634 1640 1639 1653 1783 1636
		1810 1654 1655 1660 1813 1837 1836 1835 1841 1844
		1839 1834 1833 1811 1838 1840 1812 1789 1793 1791
		1792 1804 1842 1843 1794 1795 1814 1797 1802 1820
		1803 1796 1824 1830 1832 1826 1817 1890 1831 1829
		1828 1936 1938 1939 1943 1940 1935 1821 1823 1818
		1822 1808 1809 1807 1937 1931 1941 1933 1925 1920
		1922 1924 1919 
		2584 2589 2590 2591 2593 2588 2592 2586 2587 2585
		2577 2573 
	}
}

natives_american_ma = {
	graphical_culture = southamericagfx
	color = { 255  255  0 }
	icon = 5
	
	unit = native_indian_archer
	
	provinces = {
		2279 2286 2285 2290 2289 2291 2300 2298 2303 2307
		2301 2294 2299 2297 1193 1192 1194 2302 1579 2310
		2309 2306 2304 2280 1585 1583 1584 1580 1582 1502
		1581 1170 1491 1492 1493 1494 1495 1496 1503 1534
		1556 1557 1570 1555 1567 1565 1564 1563 1560 1562
		1559 1571 1569 1576 1578 1575 2460 2405 2406 2407
		2408 2411 2412 2425 2424 2422 2427 2417 2414 2413
		2447 2459 2452 2454 2457 2456 2458 2455 2448 2420
		2419 2418 2429 2428 2434 2446 2431 2499 2445 2444
		2441 2439 2438 2437 2442 2435 2430 2432
	}
}

natives_american_sa = {
	graphical_culture = southamericagfx
	color = { 255  0  0 }
	icon = 6
	
	unit = native_indian_archer
	
	provinces = {
		925 2311 2312 2313 2314 2316 2317 2318 2319 2320
		2321 2322 2325 2326 2327 2329 2330 2331 2332 2334
		2335 2336 2337 2338 2340 2341 2342 2343 2346 2347
		2348 2349 2350 2355 2357 2358 2359 2360 2361 2362
		2365 2366 2367 2368 2370 2372 2373 2374 2375 2376
		2378 2379 2381 2382 2383 2384 2385 2386 2387 2388
		2389 2390 2392 2393 2394 2396 2398 2399 2400 2401
		2402 2461 2462 2463 2464 2466 2469 2470
	}
}

natives_african = {
	graphical_culture = africangfx
	color = { 180  180  80 }
	icon = 2
	
	unit = african_spearmen
	
	provinces = {
	}
}

natives_asian = {
	graphical_culture = indiangfx
	color = { 255  255  80 }
	icon = 3
	
	unit = east_asian_spearmen
	
	provinces = {
	}
}


natives_pohjoismaa = {
	graphical_culture = inuitgfx
	color = { 127  255  255 }
	icon = 4
	
	unit = mongol_bow
	
	provinces = {
		92 230 232 233 237 238 241 242 243 246
		247 249 250 251 252 253 254 255 256 257
		259 260 261 262 263 264 265 266 267 268
		269 270 271 272 273 274 275 276 277 278
		279 280 281 282 283 284 286 287 288 289
		290 291 292 293 294 296 330 332 336 337
		372 372 374 375 376 378 379 380 381 382
		383 384 385 386 387
	}
	
}
