blue_sea={
	location=262
	color={
		0 200 255 
	}
	outgoing={
		name="syvametsa"
		path={
			290 293 237 
		}
		control={
			3421.000000 1802.000000 3413.000000 1791.000000 3405.000000 1788.000000 3404.000000 1781.000000 3402.000000 1774.000000 3396.000000 1770.000000 3392.000000 1773.000000 3387.000000 1771.000000 3390.000000 1765.000000 3387.000000 1761.000000 3379.000000 1759.000000 3374.000000 1754.000000 3365.000000 1751.000000 3361.000000 1755.000000 3358.000000 1759.000000 3351.000000 1755.000000 3344.000000 1754.000000 3336.000000 1758.000000 3334.000000 1755.000000 3327.000000 1754.000000 3326.000000 1748.000000 3334.000000 1737.000000 3329.000000 1729.000000 3323.000000 1724.000000 
		}
	}
	outgoing={
		name="indrigerland"
		path={
			275 265 250 39 60 34 
		}
		control={
			3489.000000 1883.000000 3442.000000 1953.000000 3218.000000 1934.000000 3069.000000 1896.000000 3057.000000 1872.000000 3059.000000 1863.000000 3067.000000 1859.000000 3073.000000 1853.000000 3074.000000 1844.000000 
		}
	}
	members={
		269 268 267 270 283 286 282 284 262 290 293 291 275 263 261 265 264 253 252 251 254 255 266 289 276 288 287 
	}
}
syvametsa={
	location=279
	color={
		33 129 63 
	}
	inland=yes
	outgoing={
		name="uzkolia"
		path={
			243 240 32 43 234 
		}
		control={
			3300.000000 1711.000000 3282.000000 1702.000000 3257.000000 1706.000000 3240.000000 1702.000000 3229.000000 1702.000000 3225.000000 1702.000000 3223.000000 1695.000000 3224.000000 1682.000000 3207.000000 1683.000000 3202.000000 1678.000000 3192.000000 1679.000000 3185.000000 1684.000000 3181.000000 1684.000000 3180.000000 1676.000000 3178.000000 1669.000000 3177.000000 1657.000000 3170.000000 1655.000000 3162.000000 1647.000000 3157.000000 1646.000000 3151.000000 1649.000000 3147.000000 1642.000000 3144.000000 1633.000000 3142.000000 1619.000000 
		}
	}
	members={
		258 285 295 92 237 243 244 245 246 247 248 249 250 257 260 271 272 273 274 277 278 279 280 281 292 294 296 231 238 229 233 242 236 239 240 259 
	}
}
indrigerland={
	location=34
	color={
		72 193 194 
	}
	outgoing={
		name="ehrenia"
		path={
			57 7 9 
		}
		control={
			3038.000000 1821.000000 3000.000000 1794.000000 3003.000000 1771.000000 3000.000000 1765.000000 2987.000000 1765.000000 2989.000000 1749.000000 3004.000000 1742.000000 3005.000000 1733.000000 2999.000000 1725.000000 2996.000000 1709.000000 2985.000000 1702.000000 2982.000000 1689.000000 2962.000000 1677.000000 
		}
	}
	members={
		227 37 64 36 63 62 61 35 66 34 59 57 60 58 54 53 56 28 241 230 228 232 30 38 39 
	}
}
dhahabia={
	location=206
	color={
		101 180 223 
	}
	outgoing={
		name="hamadan"
		path={
			209 216 210 344 202 132 
		}
		control={
			2600.000000 1243.000000 2635.000000 1241.000000 2687.000000 1176.000000 2741.000000 1164.000000 
		}
	}
	outgoing={
		name="acerb"
		path={
			218 220 219 203 75 199 193 71 169 
		}
		control={
			2606.000000 1263.000000 2636.000000 1308.000000 2656.000000 1319.000000 
		}
	}
	members={
		100 101 102 104 103 105 95 94 98 99 195 205 197 204 210 91 217 201 196 214 215 213 203 219 76 220 218 206 209 208 216 207 155 154 88 89 90 
	}
}
acerb={
	location=169
	color={
		78 99 31 
	}
	outgoing={
		name="hamadan"
		path={
			170 180 181 178 69 172 133 132 
		}
		control={
			2698.000000 1302.000000 2714.000000 1245.000000 2741.000000 1169.000000 
		}
	}
	outgoing={
		name="geoberic_bay"
		path={
			194 111 
		}
		control={
			2688.000000 1348.000000 2703.000000 1384.000000 2736.000000 1396.000000 
		}
	}
	members={
		200 75 199 192 191 193 168 169 71 165 198 164 73 163 162 161 180 171 170 167 184 3990 3991 3992 4033 70 183 173 182 187 186 181 179 176 175 67 121 116 123 124 174 
	}
}
hamadan={
	location=132
	color={
		212 75 208 
	}
	members={
		132 141 133 134 81 136 135 82 142 140 146 147 83 85 145 84 144 126 125 128 127 139 138 137 117 119 118 188 120 178 69 152 143 72 74 159 160 153 87 86 
	}
	end=yes
}
niheyan_coast={
	location=523
	color={
		63 178 168 
	}
	outgoing={
		name="geoberic_bay"
		path={
			568 593 590 508 111 
		}
		control={
			2681.000000 1432.000000 2685.000000 1406.000000 2717.000000 1414.000000 
		}
	}
	outgoing={
		name="nifthem"
		path={
			548 624 743 1688 1684 1682 
		}
		control={
			2819.000000 1613.000000 2857.000000 1614.000000 2863.000000 1637.000000 2879.000000 1646.000000 2886.000000 1654.000000 
		}
	}
	members={
		589 582 594 595 596 593 568 510 523 607 606 605 592 608 609 610 499 658 548 509 665 663 513 666 
	}
}
diavasa={
	location=442
	color={
		235 203 35 
	}
	outgoing={
		name="uzkolia"
		path={
			358 333 359 234 
		}
		control={
			3137.300049 1437.719971 3164.000000 1505.000000 3137.000000 1545.000000 3139.000000 1588.000000 
		}
	}
	outgoing={
		name="chilverchia"
		path={
			483 453 600 457 451 389 
		}
		control={
			3154.000000 1360.000000 3165.000000 1332.000000 3172.000000 1281.000000 
		}
	}
	members={
		442 445 444 438 447 450 395 446 454 459 452 453 449 448 396 439 443 441 440 397 398 351 350 348 339 340 338 358 483 
	}
}
chilverchia={
	location=389
	color={
		62 95 182 
	}
	members={
		389 451 458 457 390 411 480 456 393 476 481 473 460 470 472 474 475 468 467 469 
	}
	end=yes
}
uzkolia={
	location=234
	color={
		128 0 64 
	}
	outgoing={
		name="ehrenia"
		path={
			55 13 12 9 
		}
		control={
			3115.000000 1610.000000 3090.000000 1620.000000 2993.000000 1618.000000 
		}
	}
	outgoing={
		name="bogiland"
		path={
			341 345 407 221 349 719 
		}
		control={
			3118.000000 1603.000000 3093.000000 1583.000000 3078.000000 1548.000000 3059.000000 1538.000000 3053.000000 1509.000000 
		}
	}
	members={
		298 297 305 306 303 307 301 300 299 3867 3984 304 65 40 31 42 27 25 46 44 43 32 45 33 234 235 345 342 343 346 696 697 409 410 408 407 
	}
}
geoberic_bay={
	location=111
	color={
		149 121 152 
	}
	outgoing={
		name="limstadt"
		path={
			517 520 603 543 634 560 
		}
		control={
			2797.000000 1467.000000 2819.000000 1465.000000 2844.000000 1473.000000 2861.000000 1455.000000 
		}
	}
	outgoing={
		name="magstadt"
		path={
			630 532 672 535 541 698 670 678 
		}
		control={
			2788.000000 1488.000000 2812.000000 1497.000000 2825.000000 1497.000000 2844.000000 1505.000000 2858.000000 1496.000000 
		}
	}
	members={
		650 565 649 648 212 111 194 580 647 581 586 583 507 585 508 590 601 602 584 597 611 498 612 496 657 674 529 655 656 672 532 641 567 530 630 517 516 628 515 514 573 707 713 705 706 714 578 519 652 518 627 521 570 603 533 520 
	}
}
limstadt={
	location=560
	color={
		73 97 90 
	}
	outgoing={
		name="ostsee"
		path={
			643 646 632 699 559 701 525 412 
		}
		control={
			2892.000000 1460.000000 2925.000000 1450.000000 2939.000000 1429.000000 2964.000000 1436.000000 2980.000000 1430.000000 
		}
	}
	outgoing={
		name="magstadt"
		path={
			633 619 653 540 679 678 
		}
		control={
			2881.000000 1469.000000 2872.000000 1483.000000 2869.000000 1504.000000 2859.000000 1522.000000 
		}
	}
	members={
		563 501 623 547 566 625 550 622 562 620 621 526 549 555 700 559 553 699 493 557 558 632 572 646 631 651 556 554 552 551 543 626 537 633 560 561 634 643 494 642 
	}
}
magstadt={
	location=544
	color={
		128 0 64 
	}
	outgoing={
		name="nifthem"
		path={
			539 536 686 527 490 1692 1690 1683 1682 
		}
		control={
			2878.000000 1533.000000 2895.000000 1537.000000 2904.000000 1551.000000 2891.000000 1568.000000 2889.000000 1584.000000 2878.000000 1605.000000 2893.000000 1621.000000 2895.000000 1637.000000 
		}
	}
	outgoing={
		name="bogiland"
		path={
			676 677 694 690 492 720 721 719 
		}
		control={
			2902.000000 1528.000000 2931.000000 1519.000000 2962.000000 1495.000000 
		}
	}
	members={
		637 638 619 636 534 667 535 542 661 668 541 653 654 540 495 538 635 639 737 722 528 736 644 680 681 679 698 544 671 539 678 670 536 675 676 677 
	}
}
bogiland={
	location=719
	color={
		255 0 0 
	}
	outgoing={
		name="ostsee"
		path={
			399 412 
		}
		control={
			3000.000000 1455.000000 
		}
	}
	outgoing={
		name="ehrenia"
		path={
			349 19 9 50 
		}
		control={
			3032.000000 1556.000000 2973.000000 1626.000000 
		}
	}
	members={
		726 728 729 682 683 693 687 688 692 522 695 694 689 690 691 735 732 740 739 731 738 730 721 719 725 615 505 723 720 724 492 
	}
}
nifthem={
	location=1682
	color={
		255 128 0 
	}
	outgoing={
		name="ehrenia"
		path={
			1677 1673 1670 50 
		}
		control={
			2897.000000 1711.000000 2941.000000 1725.000000 2948.000000 1706.000000 2956.000000 1699.000000 
		}
	}
	members={
		1682 1684 1687 1688 1685 1686 1690 1689 1677 1674 1681 1683 1692 1694 1696 1699 1698 1700 1697 1701 569 1702 1695 1678 1679 1676 1675 1680 1691 1693 1667 684 527 686 685 
	}
}
ostsee={
	location=412
	color={
		49 171 143 
	}
	members={
		618 617 511 491 512 502 701 525 503 616 506 412 
	}
	end=yes
}
ehrenia={
	location=50
	color={
		28 84 234 
	}
	members={
		9 6 8 5 11 10 12 13 15 14 16 49 22 21 20 18 23 17 19 26 51 24 52 29 47 3910 1671 1668 1673 1672 1669 1665 1666 1670 3895 3896 3897 3983 50 
	}
	end=yes
}
